0.481
0.569
0.615
0.642
0.659
0.640
0.597
0.625
0.667
0.657
0.654
0.652
0.643
0.636
0.615
0.609
0.616
0.614
0.609
0.616
0.627
0.615
0.605
0.612
0.609
0.587
0.590
0.582
0.573
0.592
0.589
0.597
0.594
0.554
0.545
0.556
0.550
0.556
0.571
0.580
0.573
0.551
0.559
0.558
0.547
0.554
0.543
0.545
0.563
0.541
0.514
0.514
0.514
0.538
0.527
0.473
0.460
0.479
0.487
0.500
0.509
0.505
0.484
0.475
0.472
0.474
0.470
0.461
0.455
0.477
0.491
0.493
0.483
0.447
0.430
0.490
0.531
0.508
0.491
0.464
0.419
0.396
0.406
0.429
0.444
0.456
0.461
0.485
0.537
0.552
0.566
0.561
0.567
0.561
0.563
0.601
0.627
0.657
0.667
0.683
0.692
0.715
0.720
0.735
0.730
0.713
0.703
0.701
0.679
0.668
0.676
0.684
0.677
0.700
0.712
0.726
0.734
0.702
0.700
0.759
0.777
0.741
0.736
0.743
0.750
0.696
0.698
0.681
0.663
0.670
0.681
0.680
0.675
0.641
0.608
0.621
0.642
0.641
0.636
0.647
0.665
0.657
0.654
0.668
0.693
0.717
0.712
0.689
0.638
0.605
0.599
0.578
0.549
0.502
0.510
0.530
0.570
0.574
0.585
0.593
0.604
0.569
0.545
0.520
0.534
0.520
0.504
0.527
0.563
0.565
0.586
0.580
0.551
0.545
0.511
0.520
0.536
0.533
0.536
0.518
0.532
0.566
0.597
0.642
0.663
0.660
0.670
0.670
0.670
0.676
0.672
0.670
0.624
0.573
0.542
0.518
0.475
0.468
0.491
0.502
0.528
0.569
0.556
0.555
0.517
0.526
0.557
0.539
0.541
0.533
0.435
0.411
0.563
0.671
0.705
0.739
0.672
0.603
0.564
0.571
0.572
0.607
0.552
0.540
0.530
0.507
0.500
0.515
0.578
0.643
0.645
0.640
0.655
0.641
0.611
0.590
0.577
0.567
0.529
0.492
0.465
0.462
0.477
0.485
0.481
0.487
0.514
0.514
0.496
0.490
0.470
0.443
0.494
0.510
0.485
0.506
0.544
0.481
0.458
0.462
0.401
0.388
0.382
0.461
0.480
0.430
0.481
0.522
0.521
0.509
0.521
0.519
0.524
0.510
0.503
0.474
0.477
0.482
0.496
0.485
0.486
0.520
0.542
0.529
0.491
0.464
0.485
0.508
0.529
0.536
0.543
0.583
0.573
0.562
0.550
0.535
0.552
0.542
0.515
0.520
0.523
0.531
0.534
0.551
0.539
0.517
0.493
0.466
0.481
0.506
0.515
0.557
0.548
0.544
0.562
0.531
0.550
0.564
0.597
0.621
0.610
0.585
0.571
0.573
0.588
0.600
0.598
0.540
0.568
0.575
0.576
0.591
0.586
0.566
0.540
0.525
0.561
0.566
0.563
0.577
0.605
0.632
0.662
0.644
0.630
0.634
0.606
0.563
0.549
0.506
0.497
0.489
0.482
0.486
0.486
0.500
0.483
0.493
0.512
0.513
0.548
0.557
0.550
0.567
0.551
0.545
0.518
0.503
0.502
0.483
0.480
0.489
0.513
0.534
0.536
0.532
0.525
0.533
0.526
0.496
0.514
0.521
0.527
0.542
0.516
0.499
0.501
0.509
0.496
0.529
0.515
0.514
0.500
0.491
0.545
0.573
0.547
0.502
0.479
0.505
0.527
0.534
0.486
0.444
0.417
0.400
0.398
0.406
0.422
0.435
0.438
0.460
0.484
0.494
0.507
0.500
0.476
0.496
0.541
0.528
0.524
0.513
0.502
0.515
0.501
0.485
0.508
0.530
0.516
0.503
0.479
0.486
0.511
0.521
0.545
0.515
0.488
0.497
0.519
0.584
0.590
0.545
0.550
0.631
0.646
0.626
0.603
0.586
0.567
0.541
0.557
0.572
0.548
0.547
0.556
0.546
0.541
0.575
0.587
0.573
0.512
0.480
0.491
0.519
0.542
0.530
0.535
0.517
0.513
0.522
0.546
0.578
0.600
0.621
0.620
0.607
0.607
0.609
0.600
0.591
0.597
0.608
0.618
0.647
0.680
0.689
0.700
0.697
0.667
0.631
0.606
0.542
0.484
0.545
0.589
0.626
0.676
0.712
0.718
0.713
0.707
0.717
0.720
0.701
0.700
0.712
0.718
0.718
0.725
0.729
0.722
0.717
0.730
0.732
0.742
0.745
0.727
0.711
0.706
0.701
0.701
0.703
0.708
0.686
0.652
0.686
0.690
0.636
0.614
0.614
0.648
0.657
0.673
0.657
0.623
0.551
0.487
0.502
0.579
0.589
0.559
0.532
0.534
0.555
0.559
0.574
0.581
0.582
0.601
0.599
0.626
0.650
0.628
0.603
0.628
0.630
0.642
0.624
0.610
0.621
0.618
0.629
0.638
0.659
0.642
0.649
0.684
0.703
0.709
0.675
0.689
0.632
0.598
0.621
0.625
0.625
0.620
0.616
0.625
0.631
0.645
0.639
0.599
0.573
0.552
0.569
0.579
0.609
0.573
0.569
0.587
0.590
0.593
0.609
0.618
0.628
0.607
0.583
0.577
0.595
0.561
0.506
0.476
0.507
0.546
0.554
0.565
0.591
0.588
0.591
0.581
0.543
0.537
0.565
0.540
0.506
0.501
0.480
0.476
0.482
0.494
0.515
0.519
0.486
0.511
0.477
0.442
0.439
0.463
0.472
0.487
0.512
0.495
0.473
0.468
0.487
0.472
0.475
0.498
0.525
0.523
0.497
0.520
0.531
0.527
0.544
0.566
0.574
0.555
0.559
0.546
0.542
0.535
0.557
0.588
0.581
0.568
0.546
0.545
0.572
0.611
0.609
0.599
0.583
0.584
0.635
0.612
0.553
0.630
0.683
0.695
0.679
0.683
0.660
0.635
0.604
0.588
0.613
0.640
0.659
0.636
0.605
0.599
0.590
0.602
0.626
0.636
0.659
0.669
0.664
0.652
0.645
0.626
0.638
0.664
0.673
0.682
0.667
0.681
0.658
0.640
0.661
0.654
0.667
0.652
0.641
0.692
0.719
0.689
0.659
0.638
0.646
0.634
0.617
0.598
0.589
0.579
0.562
0.535
0.539
0.554
0.558
0.562
0.576
0.579
0.588
0.607
0.588
0.588
0.576
0.584
0.529
0.500
0.538
0.558
0.548
0.545
0.551
0.534
0.514
0.507
0.498
0.505
0.497
0.480
0.485
0.471
0.474
0.481
0.462
0.428
0.437
0.468
0.483
0.499
0.488
0.490
0.500
0.537
0.557
0.558
0.552
0.556
0.552
0.542
0.540
0.510
0.497
0.589
0.629
0.592
0.541
0.514
0.558
0.573
0.568
0.534
0.589
0.635
0.603
0.558
0.560
0.518
0.481
0.524
0.548
0.545
0.563
0.569
0.562
0.577
0.559
0.519
0.517
0.541
0.547
0.517
0.515
0.580
0.555
0.476
0.444
0.466
0.529
0.537
0.504
0.480
0.467
0.474
0.489
0.494
0.493
0.490
0.500
0.499
0.506
0.510
0.518
0.532
0.560
0.586
0.588
0.604
0.641
0.651
0.631
0.648
0.684
0.693
0.700
0.698
0.704
0.715
0.717
0.705
0.708
0.713
0.730
0.739
0.730
0.668
0.603
0.603
0.627
0.631
0.609
0.603
0.602
0.599
0.611
0.600
0.616
0.644
0.656
0.641
0.615
0.585
0.564
0.533
0.506
0.515
0.513
0.503
0.528
0.561
0.605
0.670
0.707
0.679
0.610
0.569
0.549
0.550
0.546
0.522
0.536
0.589
0.625
0.596
0.579
0.602
0.596
0.582
0.534
0.508
0.524
0.566
0.585
0.591
0.595
0.614
0.616
0.604
0.577
0.573
0.596
0.610
0.616
0.642
0.650
0.585
0.582
0.583
0.548
0.524
0.535
0.547
0.551
0.560
0.582
0.612
0.609
0.589
0.620
0.673
0.643
0.588
0.584
0.557
0.524
0.541
0.587
0.670
0.611
0.539
0.544
0.559
0.538
0.517
0.502
0.511
0.528
0.533
0.555
0.575
0.576
0.562
0.551
0.560
0.561
0.540
0.521
0.522
0.540
0.564
0.586
0.588
0.623
0.631
0.562
0.554
0.607
0.571
0.542
0.551
0.568
0.589
0.600
0.584
0.565
0.563
0.557
0.588
0.647
0.642
0.622
0.588
0.579
0.570
0.544
0.527
0.515
0.493
0.486
0.500
0.504
0.497
0.511
0.520
0.494
0.479
0.521
0.553
0.511
0.452
0.420
0.416
0.436
0.469
0.535
0.586
0.587
0.561
0.582
0.628
0.608
0.566
0.567
0.615
0.647
0.626
0.620
0.655
0.635
0.581
0.533
0.511
0.517
0.595
0.593
0.575
0.550
0.544
0.540
0.498
0.468
0.473
0.495
0.526
0.545
0.563
0.614
0.651
0.660
0.658
0.693
0.712
0.708
0.650
0.618
0.638
0.636
0.613
0.698
0.694
0.600
0.549
0.591
0.656
0.673
0.699
0.700
0.709
0.720
0.725
0.726
0.709
0.700
0.711
0.722
0.711
0.717
0.743
0.748
0.729
0.730
0.727
0.729
0.754
0.766
0.774
0.790
0.804
0.789
0.765
0.743
0.722
0.695
0.673
0.656
0.657
0.674
0.685
0.712
0.723
0.716
0.726
0.685
0.629
