0.564
0.560
0.535
0.565
0.572
0.560
0.524
0.546
0.547
0.530
0.535
0.511
0.540
0.560
0.595
0.556
0.486
0.490
0.569
0.578
0.565
0.515
0.460
0.485
0.530
0.600
0.590
0.576
0.559
0.513
0.495
0.534
0.634
0.598
0.524
0.526
0.538
0.486
0.497
0.497
0.502
0.489
0.473
0.466
0.514
0.567
0.549
0.539
0.532
0.481
0.491
0.523
0.510
0.516
0.527
0.518
0.480
0.497
0.517
0.490
0.468
0.454
0.496
0.499
0.518
0.555
0.546
0.491
0.469
0.497
0.475
0.460
0.466
0.494
0.523
0.633
0.596
0.564
0.551
0.565
0.517
0.500
0.500
0.459
0.464
0.492
0.511
0.515
0.517
0.463
0.462
0.463
0.430
0.428
0.468
0.490
0.525
0.546
0.519
0.458
0.453
0.425
0.423
0.425
0.411
0.431
0.477
0.557
0.566
0.575
0.526
0.488
0.463
0.407
0.453
0.450
0.440
0.418
0.426
0.474
0.463
0.450
0.462
0.442
0.388
0.331
0.362
0.411
0.413
0.411
0.406
0.382
0.369
0.383
0.385
0.385
0.429
0.492
0.488
0.467
0.451
0.487
0.494
0.533
0.563
0.588
0.555
0.518
0.513
0.530
0.527
0.530
0.509
0.547
0.543
0.513
0.469
0.458
0.417
0.407
0.503
0.550
0.500
0.478
0.500
0.531
0.544
0.539
0.555
0.564
0.590
0.586
0.576
0.532
0.487
0.477
0.513
0.565
0.575
0.538
0.543
0.577
0.582
0.598
0.626
0.568
0.531
0.498
0.518
0.553
0.544
0.566
0.569
0.572
0.564
0.568
0.578
0.567
0.556
0.603
0.617
0.585
0.575
0.598
0.581
0.590
0.627
0.630
0.600
0.550
0.587
0.606
0.613
0.594
0.602
0.653
0.618
0.598
0.639
0.553
0.506
0.529
0.596
0.597
0.598
0.584
0.565
0.587
0.638
0.635
0.601
0.588
0.604
0.635
0.617
0.621
0.615
0.583
0.559
0.532
0.578
0.600
0.630
0.656
0.647
0.619
0.603
0.609
0.590
0.550
0.552
0.568
0.582
0.555
0.581
0.603
0.557
0.558
0.646
0.685
0.641
0.601
0.595
0.575
0.565
0.578
0.636
0.652
0.616
0.624
0.582
0.537
0.536
0.562
0.580
0.546
0.555
0.587
0.590
0.608
0.636
0.669
0.648
0.596
0.599
0.599
0.589
0.628
0.651
0.647
0.592
0.613
0.642
0.616
0.637
0.631
0.609
0.580
0.594
0.616
0.598
0.597
0.543
0.588
0.616
0.634
0.622
0.595
0.600
0.589
0.629
0.703
0.671
0.659
0.652
0.581
0.531
0.560
0.571
0.589
0.617
0.599
0.610
0.579
0.604
0.629
0.594
0.561
0.509
0.528
0.571
0.555
0.527
0.547
0.617
0.640
0.627
0.605
0.593
0.580
0.548
0.596
0.611
0.584
0.565
0.552
0.569
0.588
0.618
0.603
0.574
0.529
0.526
0.501
0.542
0.598
0.627
0.573
0.547
0.491
0.481
0.526
0.495
0.525
0.532
0.540
0.532
0.524
0.519
0.526
0.557
0.547
0.499
0.440
0.463
0.481
0.469
0.474
0.562
0.595
0.550
0.541
0.599
0.608
0.583
0.618
0.577
0.570
0.549
0.527
0.556
0.597
0.584
0.598
0.607
0.615
0.585
0.572
0.620
0.648
0.595
0.560
0.593
0.640
0.627
0.631
0.627
0.601
0.550
0.562
0.601
0.601
0.618
0.664
0.654
0.597
0.564
0.583
0.591
0.590
0.574
0.587
0.619
0.583
0.593
0.646
0.610
0.595
0.576
0.579
0.576
0.565
0.537
0.586
0.613
0.580
0.618
0.608
0.539
0.533
0.592
0.656
0.643
0.683
0.690
0.650
0.667
0.674
0.630
0.615
0.655
0.712
0.641
0.536
0.550
0.623
0.634
0.674
0.673
0.565
0.526
0.556
0.597
0.596
0.577
0.588
0.589
0.596
0.528
0.503
0.544
0.532
0.562
0.606
0.599
0.604
0.607
0.556
0.506
0.481
0.523
0.577
0.551
0.568
0.607
0.655
0.554
0.546
0.523
0.525
0.498
0.536
0.596
0.592
0.547
0.516
0.522
0.524
0.498
0.506
0.598
0.651
0.579
0.568
0.597
0.570
0.486
0.537
0.588
0.569
0.581
0.585
0.545
0.555
0.521
0.588
0.607
0.595
0.607
0.590
0.623
0.593
0.589
0.611
0.572
0.522
0.510
0.596
0.610
0.582
0.584
0.590
0.578
0.540
0.553
0.585
0.608
0.581
0.590
0.614
0.572
0.526
0.486
0.516
0.534
0.518
0.519
0.567
0.536
0.534
0.491
0.492
0.532
0.534
0.498
0.501
0.550
0.522
0.547
0.558
0.547
0.566
0.568
0.582
0.530
0.478
0.469
0.507
0.493
0.465
0.503
0.538
0.500
0.507
0.526
0.594
0.571
0.538
0.508
0.506
0.502
0.500
0.511
0.569
0.598
0.556
0.550
0.615
0.595
0.516
0.489
0.554
0.622
0.616
0.611
0.594
0.550
0.546
0.586
0.596
0.597
0.548
0.535
0.543
0.545
0.551
0.573
0.577
0.581
0.534
0.507
0.485
0.476
0.526
0.519
0.481
0.439
0.325
0.455
0.532
0.557
0.535
0.525
0.485
0.489
0.529
0.528
0.561
0.570
0.548
0.518
0.522
0.532
0.574
0.643
0.685
0.641
0.641
0.682
0.645
0.671
0.666
0.627
0.641
0.648
0.700
0.709
0.698
0.656
0.623
0.645
0.642
0.630
0.620
0.655
0.706
0.706
0.642
0.572
0.585
0.603
0.562
0.515
0.505
0.508
0.513
0.515
0.546
0.631
0.691
0.611
0.495
0.518
0.578
0.543
0.549
0.586
0.665
0.644
0.568
0.604
0.676
0.670
0.657
0.648
0.640
0.638
0.590
0.592
0.671
0.675
0.642
0.651
0.647
0.664
0.625
0.595
0.673
0.717
0.713
0.707
0.711
0.650
0.642
0.688
0.721
0.702
0.722
0.764
0.779
0.751
0.728
0.739
0.709
0.702
0.720
0.683
0.666
0.707
0.706
0.672
0.643
0.646
0.606
0.620
0.653
0.704
0.719
0.718
0.686
0.666
0.681
0.674
0.716
0.731
0.751
0.737
0.673
0.616
0.634
0.655
0.604
0.612
0.651
0.646
0.645
0.661
0.640
0.617
0.604
0.629
0.614
0.590
0.658
0.692
0.639
0.623
0.597
0.593
0.635
0.619
0.663
0.713
0.709
0.674
0.642
0.616
0.657
0.690
0.697
0.747
0.747
0.704
0.664
0.683
0.712
0.662
0.643
0.684
0.714
0.674
0.634
0.645
0.646
0.623
0.624
0.584
0.589
0.601
0.604
0.634
0.604
0.591
0.661
0.686
0.663
0.642
0.583
0.550
0.578
0.607
0.669
0.699
0.639
0.567
0.555
0.547
0.552
0.578
0.593
0.602
0.636
0.625
0.646
0.627
0.627
0.628
0.680
0.635
0.593
0.595
0.572
0.640
0.614
0.575
0.572
0.555
0.534
0.544
0.579
0.574
0.545
0.560
0.566
0.598
0.615
0.649
0.666
0.628
0.572
0.555
0.607
0.624
0.607
0.624
0.633
0.659
0.696
0.698
0.670
0.626
0.639
0.663
0.625
0.612
0.609
0.600
0.594
0.557
0.515
0.527
0.624
0.679
0.724
0.691
0.641
0.633
0.579
0.509
0.523
0.566
0.578
0.635
0.638
0.673
0.616
0.484
0.457
0.547
0.571
0.589
0.635
0.629
0.589
0.564
0.518
0.530
0.595
0.568
0.535
0.542
0.545
0.569
0.563
0.538
0.522
0.548
0.559
0.545
0.547
0.572
0.595
0.552
0.537
0.589
0.626
0.574
0.584
0.635
0.595
0.503
0.460
0.472
0.482
0.442
0.438
0.524
0.613
0.623
0.564
0.547
0.619
0.573
0.525
0.594
0.656
0.606
0.553
0.547
0.579
0.554
0.546
0.641
0.718
0.704
0.647
0.608
0.574
0.558
0.525
0.562
0.636
0.651
0.608
0.576
0.598
0.622
0.603
0.643
0.710
0.695
0.654
0.601
0.558
0.599
0.583
0.550
0.548
0.578
0.566
0.549
0.542
0.569
0.575
0.537
0.538
0.537
0.608
0.642
0.636
0.625
0.643
0.660
0.653
0.596
0.582
0.614
0.666
0.638
0.585
0.530
0.574
0.612
0.626
0.650
0.667
0.692
0.633
0.602
0.597
0.629
0.642
0.612
0.595
0.618
0.593
0.558
0.564
0.669
0.699
0.675
0.645
0.671
0.675
0.642
0.622
0.608
0.632
0.615
0.560
0.567
0.659
0.661
0.616
0.626
0.678
0.692
0.619
0.621
0.690
0.719
0.682
0.603
0.571
0.601
0.622
0.647
0.657
0.676
0.639
0.550
0.567
0.640
0.666
0.626
0.623
0.612
0.623
0.663
0.636
0.596
0.583
0.630
0.628
0.609
0.625
0.685
0.735
0.694
0.626
0.595
0.600
0.584
0.544
0.557
0.682
0.748
0.731
0.680
0.685
0.703
0.630
0.621
0.625
0.649
0.616
0.569
0.553
0.605
0.594
0.567
0.575
0.573
0.554
0.648
0.647
0.627
0.605
0.626
0.613
0.599
0.612
0.664
0.637
0.556
0.527
0.586
0.625
0.559
0.543
0.555
0.542
0.551
0.620
0.628
0.560
0.583
0.689
0.789
0.707
0.645
0.635
0.638
0.649
0.583
0.532
0.579
0.623
0.630
0.593
0.555
0.529
0.483
0.477
0.482
0.591
0.676
0.686
0.639
0.579
0.565
0.591
0.596
0.551
0.593
0.601
0.619
0.645
0.610
0.576
0.560
0.608
0.664
0.625
0.581
0.627
0.646
0.616
0.626
0.603
0.591
0.619
0.625
0.626
0.670
0.689
0.707
0.707
0.684
0.667
0.621
0.632
0.638
0.625
0.604
0.588
0.601
0.590
0.548
0.499
0.432
0.413
0.316