0.424
0.438
0.433
0.434
0.432
0.427
0.442
0.468
0.476
0.482
0.488
0.494
0.507
0.512
0.505
0.506
0.512
0.511
0.512
0.508
0.506
0.515
0.523
0.515
0.510
0.516
0.516
0.503
0.500
0.497
0.495
0.490
0.494
0.498
0.497
0.495
0.491
0.490
0.488
0.485
0.486
0.481
0.480
0.485
0.488
0.489
0.486
0.484
0.481
0.477
0.475
0.475
0.483
0.489
0.489
0.487
0.483
0.481
0.485
0.489
0.486
0.482
0.482
0.485
0.479
0.471
0.471
0.468
0.463
0.466
0.466
0.461
0.460
0.460
0.463
0.465
0.461
0.461
0.469
0.465
0.466
0.463
0.459
0.464
0.460
0.448
0.451
0.458
0.457
0.453
0.457
0.460
0.460
0.460
0.460
0.460
0.458
0.460
0.461
0.465
0.462
0.459
0.460
0.460
0.458
0.464
0.470
0.464
0.463
0.472
0.476
0.476
0.474
0.470
0.465
0.465
0.468
0.468
0.469
0.467
0.468
0.470
0.481
0.483
0.479
0.479
0.483
0.494
0.493
0.492
0.489
0.487
0.486
0.491
0.502
0.503
0.496
0.494
0.492
0.490
0.501
0.515
0.514
0.513
0.514
0.513
0.511
0.508
0.508
0.510
0.508
0.502
0.494
0.497
0.496
0.502
0.514
0.513
0.514
0.520
0.519
0.518
0.524
0.526
0.523
0.512
0.506
0.508
0.509
0.513
0.516
0.517
0.516
0.514
0.511
0.511
0.511
0.512
0.510
0.510
0.512
0.513
0.511
0.511
0.515
0.519
0.528
0.524
0.514
0.509
0.509
0.512
0.513
0.511
0.513
0.510
0.508
0.507
0.498
0.499
0.497
0.495
0.499
0.505
0.508
0.505
0.502
0.503
0.503
0.499
0.502
0.516
0.520
0.520
0.515
0.512
0.514
0.514
0.514
0.517
0.526
0.531
0.526
0.521
0.518
0.516
0.520
0.525
0.527
0.519
0.520
0.521
0.520
0.526
0.527
0.527
0.531
0.528
0.520
0.523
0.530
0.523
0.525
0.538
0.553
0.559
0.548
0.517
0.499
0.498
0.483
0.472
0.476
0.488
0.499
0.503
0.498
0.491
0.489
0.488
0.489
0.495
0.499
0.497
0.492
0.488
0.489
0.489
0.488
0.486
0.482
0.475
0.469
0.469
0.478
0.486
0.489
0.486
0.483
0.491
0.495
0.497
0.504
0.478
0.435
0.462
0.471
0.490
0.513
0.526
0.530
0.530
0.535
0.545
0.551
0.554
0.557
0.569
0.574
0.581
0.589
0.596
0.600
0.609
0.611
0.610
0.610
0.616
0.619
0.612
0.606
0.611
0.611
0.607
0.608
0.611
0.608
0.603
0.600
0.601
0.602
0.605
0.602
0.598
0.602
0.602
0.592
0.593
0.600
0.598
0.590
0.586
0.588
0.589
0.590
0.591
0.592
0.591
0.589
0.585
0.589
0.590
0.587
0.586
0.586
0.589
0.592
0.596
0.596
0.597
0.592
0.588
0.591
0.594
0.595
0.592
0.592
0.594
0.597
0.599
0.598
0.599
0.602
0.600
0.598
0.596
0.592
0.592
0.593
0.600
0.598
0.592
0.588
0.585
0.582
0.585
0.597
0.600
0.597
0.591
0.588
0.587
0.585
0.586
0.589
0.589
0.587
0.582
0.577
0.569
0.575
0.578
0.584
0.586
0.588
0.585
0.584
0.582
0.574
0.575
0.587
0.592
0.590
0.585
0.585
0.581
0.571
0.578
0.587
0.589
0.586
0.584
0.582
0.584
0.581
0.583
0.583
0.578
0.571
0.572
0.574
0.568
0.563
0.565
0.570
0.572
0.575
0.574
0.568
0.569
0.575
0.576
0.576
0.576
0.575
0.573
0.576
0.574
0.573
0.572
0.575
0.580
0.582
0.583
0.581
0.577
0.578
0.578
0.577
0.581
0.585
0.586
0.586
0.581
0.579
0.580
0.581
0.582
0.579
0.578
0.584
0.587
0.589
0.591
0.589
0.588
0.590
0.595
0.590
0.583
0.581
0.583
0.583
0.583
0.585
0.585
0.584
0.583
0.581
0.579
0.570
0.569
0.578
0.578
0.576
0.571
0.569
0.570
0.571
0.573
0.575
0.575
0.575
0.577
0.580
0.574
0.568
0.568
0.572
0.572
0.565
0.564
0.562
0.560
0.559
0.563
0.562
0.565
0.560
0.555
0.551
0.550
0.556
0.559
0.554
0.550
0.552
0.560
0.569
0.573
0.573
0.555
0.528
0.500
0.476
0.473
0.477
0.489
0.509
0.525
0.513
0.489
0.482
0.497
0.505
0.514
0.526
0.549
0.574
0.573
0.543
0.520
0.498
0.483
0.486
0.504
0.509
0.524
0.546
0.558
0.560
0.564
0.567
0.539
0.511
0.521
0.558
0.561
0.531
0.509
0.521
0.549
0.575
0.577
0.538
0.497
0.483
0.503
0.527
0.542
0.543
0.522
0.512
0.499
0.486
0.490
0.519
0.544
0.554
0.539
0.498
0.455
0.435
0.441
0.442
0.466
0.466
0.457
0.463
0.454
0.458
0.461
0.461
0.482
0.503
0.512
0.525
0.515
0.502
0.526
0.532
0.518
0.499
0.525
0.533
0.530
0.509
0.503
0.514
0.476
0.480
0.513
0.501
0.473
0.496
0.515
0.504
0.493
0.514
0.507
0.497
0.494
0.474
0.474
0.505
0.507
0.515
0.515
0.486
0.473
0.492
0.498
0.499
0.498
0.511
0.516
0.511
0.518
0.524
0.534
0.544
0.541
0.544
0.555
0.562
0.559
0.557
0.553
0.552
0.553
0.553
0.550
0.548
0.552
0.551
0.550
0.550
0.552
0.551
0.552
0.553
0.554
0.556
0.559
0.561
0.557
0.555
0.557
0.561
0.567
0.568
0.565
0.567
0.566
0.567
0.565
0.560
0.562
0.563
0.565
0.566
0.566
0.565
0.564
0.562
0.561
0.563
0.567
0.568
0.567
0.564
0.559
0.556
0.559
0.559
0.559
0.561
0.563
0.566
0.563
0.558
0.559
0.562
0.564
0.561
0.560
0.562
0.564
0.564
0.562
0.559
0.557
0.559
0.561
0.564
0.563
0.561
0.560
0.557
0.553
0.552
0.554
0.553
0.550
0.542
0.547
0.547
0.544
0.545
0.546
0.545
0.544
0.544
0.546
0.545
0.541
0.541
0.542
0.541
0.541
0.539
0.538
0.540
0.541
0.537
0.537
0.535
0.534
0.529
0.526
0.528
0.529
0.525
0.524
0.525
0.521
0.518
0.520
0.526
0.534
0.532
0.530
0.528
0.525
0.523
0.522
0.529
0.529
0.533
0.535
0.532
0.525
0.521
0.519
0.521
0.520
0.523
0.525
0.527
0.526
0.525
0.525
0.525
0.526
0.532
0.533
0.533
0.531
0.535
0.542
0.540
0.536
0.532
0.529
0.527
0.536
0.540
0.541
0.539
0.531
0.523
0.524
0.527
0.531
0.539
0.539
0.537
0.536
0.534
0.533
0.533
0.538
0.539
0.538
0.536
0.541
0.543
0.538
0.539
0.543
0.544
0.543
0.545
0.548
0.548
0.548
0.549
0.547
0.548
0.552
0.551
0.546
0.537
0.539
0.543
0.548
0.553
0.549
0.541
0.540
0.548
0.556
0.556
0.556
0.554
0.555
0.550
0.551
0.556
0.555
0.552
0.550
0.549
0.537
0.523
