0.245
0.291
0.347
0.371
0.370
0.328
0.276
0.246
0.233
0.234
0.247
0.312
0.386
0.337
0.286
0.286
0.307
0.290
0.278
0.274
0.336
0.301
0.376
0.379
0.389
0.407
0.384
0.382
0.389
0.381
0.372
0.379
0.383
0.366
0.350
0.362
0.357
0.350
0.358
0.380
0.396
0.381
0.372
0.356
0.336
0.340
0.350
0.338
0.356
0.356
0.341
0.343
0.350
0.347
0.343
0.329
0.326
0.337
0.359
0.366
0.369
0.374
0.378
0.378
0.383
0.399
0.414
0.398
0.381
0.386
0.376
0.391
0.392
0.392
0.404
0.379
0.375
0.398
0.393
0.377
0.370
0.374
0.389
0.398
0.408
0.404
0.392
0.403
0.420
0.436
0.463
0.474
0.478
0.478
0.480
0.456
0.427
0.398
0.376
0.391
0.437
0.471
0.484
0.520
0.534
0.523
0.452
0.415
0.427
0.426
0.421
0.382
0.396
0.387
0.399
0.453
0.483
0.489
0.512
0.539
0.525
0.565
0.611
0.623
0.615
0.597
0.600
0.613
0.632
0.618
0.588
0.564
0.551
0.529
0.482
0.411
0.360
0.343
0.331
0.308
0.296
0.291
0.274
0.249
0.218
0.405
0.478
0.523
0.484
0.462
0.469
0.386
0.333
0.310
0.309
0.379
0.424
0.450
0.458
0.411
0.398
0.367
0.366
0.391
0.380
0.413
0.460
0.453
0.426
0.386
0.375
0.444
0.472
0.418
0.417
0.420
0.429
0.408
0.399
0.380
0.351
0.362
0.364
0.353
0.340
0.294
0.242
0.321
0.362
0.340
0.333
0.355
0.354
0.323
0.337
0.396
0.407
0.385
0.348
0.296
0.272
0.306
0.372
0.382
0.355
0.340
0.320
0.295
0.269
0.236
0.210
0.187
0.158
0.142
0.151
0.208
0.261
0.270
0.290
0.310
0.322
0.346
0.374
0.396
0.403
0.390
0.370
0.346
0.300
0.290
0.290
0.293
0.257
0.219
0.213
0.206
0.185
0.190
0.201
0.173
0.105
0.363
0.441
0.457
0.442
0.421
0.388
0.370
0.359
0.365
0.393
0.420
0.410
0.404
0.395
0.387
0.381
0.359
0.338
0.332
0.315
0.299
0.304
0.326
0.339
0.346
0.335
0.355
0.381
0.411
0.436
0.391
0.396
0.404
0.399
0.406
0.397
0.377
0.364
0.362
0.370
0.342
0.314
0.304
0.341
0.375
0.375
0.345
0.357
0.354
0.321
0.286
0.294
0.302
0.284
0.275
0.302
0.324
0.347
0.364
0.364
0.373
0.376
0.363
0.363
0.337
0.347
0.384
0.409
0.439
0.436
0.416
0.384
0.367
0.364
0.401
0.408
0.393
0.393
0.404
0.414
0.407
0.406
0.399
0.391
0.398
0.370
0.376
0.373
0.407
0.441
0.428
0.418
0.437
0.469
0.478
0.458
0.438
0.419
0.395
0.377
0.391
0.394
0.406
0.402
0.381
0.370
0.369
0.374
0.375
0.358
0.351
0.351
0.351
0.352
0.361
0.377
0.414
0.409
0.396
0.384
0.399
0.403
0.391
0.436
0.444
0.394
0.381
0.377
0.360
0.354
0.368
0.371
0.392
0.403
0.410
0.408
0.388
0.363
0.355
0.371
0.379
0.358
0.368
0.381
0.401
0.419
0.409
0.411
0.405
0.407
0.394
0.390
0.411
0.453
0.492
0.471
0.433
0.408
0.409
0.395
0.376
0.374
0.370
0.378
0.410
0.431
0.425
0.419
0.436
0.418
0.396
0.395
0.373
0.381
0.416
0.422
0.400
0.395
0.417
0.408
0.410
0.450
0.485
0.484
0.454
0.455
0.454
0.459
0.470
0.448
0.465
0.488
0.484
0.481
0.473
0.460
0.449
0.456
0.469
0.439
0.424
0.406
0.439
0.469
0.433
0.408
0.388
0.389
0.382
0.398
0.433
0.390
0.304
0.356
0.390
0.345
0.373
0.426
0.431
0.374
0.330
0.314
0.334
0.328
0.317
0.278
0.261
0.276
0.278
0.247
0.240
0.274
0.311
0.335
0.349
0.354
0.352
0.335
0.361
0.381
0.358
0.354
0.340
0.347
0.331
0.345
0.419
0.396
0.349
0.328
0.350
0.313
0.294
0.304
0.340
0.352
0.315
0.293
0.311
0.363
0.358
0.343
0.342
0.354
0.323
0.298
0.269
0.287
0.352
0.353
0.360
0.384
0.407
0.378
0.346
0.355
0.356
0.399
0.385
0.368
0.360
0.369
0.367
0.347
0.349
0.369
0.379
0.320
0.356
0.393
0.407
0.488
0.496
0.455
0.447
0.462
0.475
0.442
0.388
0.396
0.444
0.471
0.442
0.395
0.402
0.430
0.440
0.413
0.402
0.423
0.402
0.308
0.291
0.311
0.341
0.352
0.326
0.316
0.318
0.345
0.336
0.332
0.338
0.355
0.355
0.356
0.360
0.370
0.374
0.374
0.349
0.338
0.356
0.341
0.338
0.355
0.418
0.433
0.438
0.444
0.450
0.464
0.458
0.453
0.442
0.445
0.458
0.433
0.435
0.412
0.418
0.425
0.360
0.383
0.399
0.369
0.386
0.373
0.344
0.309
0.301
0.323
0.365
0.443
0.479
0.430
0.408
0.391
0.356
0.346
0.334
0.366
0.402
0.428
0.413
0.447
0.469
0.382
0.352
0.389
0.473
0.502
0.449
0.374
0.365
0.386
0.356
0.325
0.281
0.272
0.304
0.321
0.354
0.409
0.462
0.515
0.494
0.458
0.410
0.431
0.440
0.433
0.442
0.456
0.461
0.469
0.459
0.456
0.442
0.435
0.413
0.368
0.368
0.394
0.383
0.445
0.471
0.436
0.500
0.536
0.493
0.435
0.406
0.403
0.426
0.424
0.410
0.404
0.465
0.468
0.438
0.424
0.462
0.493
0.467
0.436
0.420
0.459
0.471
0.443
0.445
0.448
0.441
0.406
0.380
0.367
0.375
0.407
0.416
0.393
0.382
0.371
0.387
0.373
0.384
0.380
0.380
0.385
0.415
0.440
0.417
0.357
0.337
0.602
0.650
0.588
0.597
0.650
0.598
0.534
0.574
0.607
0.566
0.551
0.571
0.547
0.514
0.514
0.509
0.516
0.525
0.516
0.498
0.501
0.538
0.564
0.557
0.528
0.506
0.509
0.507
0.487
0.466
0.459
0.473
0.501
0.506
0.503
0.481
0.457
0.459
0.453
0.440
0.406
0.423
0.434
0.399
0.395
0.391
0.413
0.435
0.455
0.484
0.511
0.538
0.546
0.501
0.485
0.468
0.470
0.497
0.515
0.528
0.503
0.485
0.503
0.506
0.480
0.460
0.458
0.412
0.403
0.464
0.458
0.427
0.488
0.518
0.498
0.465
0.479
0.506
0.466
0.429
0.435
0.484
0.530
0.481
0.433
0.389
0.409
0.432
0.415
0.410
0.408
0.421
0.463
0.442
0.424
0.404
0.417
0.434
0.440
0.426
0.383
0.406
0.405
0.377
0.383
0.397
0.402
0.397
0.376
0.364
0.377
0.409
0.419
0.350
0.308
0.363
0.394
0.360
0.365
0.363
0.387
0.414
0.411
0.405
0.403
0.407
0.427
0.410
0.363
0.349
0.379
0.423
0.456
0.429
0.403
0.382
0.349
0.341
0.343
0.379
0.412
0.389
0.376
0.354
0.363
0.385
0.372
0.346
0.331
0.371
0.377
0.336
0.306
0.316
0.361
0.363
0.353
0.361
0.375
0.396
0.384
0.378
0.351
0.355
0.367
0.346
0.333
0.303
0.298
0.316
0.350
0.409
0.444
0.461
0.437
0.394
0.358
0.322
0.319
0.365
0.396
0.393
0.407
0.418
0.379
0.379
0.359
0.338
0.371
0.357
0.335
0.321
0.325
0.356
0.381
0.386
0.391
0.385
0.408
0.428
0.441
0.410
0.408
0.418
0.396
0.395
0.392
0.390
0.424
0.421
0.408
0.427
0.473
0.453
0.413
0.394
0.391
0.427
0.440
0.429
0.408
0.408
0.454
0.445
0.420
0.441
0.515
0.572
0.480
0.434
0.428
0.427
0.454
0.447
0.423
0.391
0.365
0.356
0.334
0.308
0.305
0.313
0.324
0.324
0.300
0.317
0.342
0.332
0.321
0.314
0.290
0.276
0.290
0.283
0.284
0.288
0.322
0.355
0.367
0.382
0.384
0.398
0.423
0.442
0.444
0.400
0.361
0.385
0.405
0.403
0.367
0.326
0.318
0.315
0.301
0.300
0.309
0.319
0.356
0.385
0.389
0.410
0.439
0.437
0.406
0.391
0.396
0.399
0.359
0.317
0.366
0.401
0.375
0.347
0.334
0.364
0.360
0.336
0.311
0.308
0.315
0.329
0.315
0.325
0.348
0.370
0.404
0.430
0.440
0.481
0.519
0.503
0.447
0.432
0.502
0.524
0.456
0.411
0.421
0.349
0.302
0.271
0.269
0.320
0.354
0.361
0.386
0.384
0.334
0.295
0.275
0.291
0.304
0.302
0.307
0.315
0.347
0.353
0.331
0.328
0.347
0.355
0.354
0.365
0.369
0.365
0.363
0.360
0.325
0.298
0.298
0.320
0.313
0.288
0.279
0.258
0.239
0.229
0.222