0.195
0.277
0.297
0.322
0.339
0.326
0.312
0.307
0.297
0.325
0.340
0.311
0.261
0.307
0.320
0.314
0.297
0.274
0.287
0.341
0.325
0.298
0.315
0.279
0.340
0.346
0.348
0.312
0.291
0.351
0.342
0.360
0.271
0.294
0.323
0.294
0.277
0.240
0.327
0.310
0.305
0.296
0.273
0.343
0.365
0.340
0.352
0.311
0.348
0.354
0.322
0.347
0.313
0.312
0.369
0.352
0.335
0.266
0.252
0.350
0.331
0.373
0.311
0.289
0.331
0.290
0.316
0.290
0.324
0.366
0.310
0.323
0.336
0.318
0.376
0.402
0.359
0.370
0.367
0.346
0.366
0.358
0.305
0.270
0.255
0.262
0.265
0.286
0.267
0.283
0.307
0.272
0.284
0.326
0.277
0.293
0.343
0.312
0.342
0.341
0.293
0.287
0.302
0.255
0.284
0.309
0.298
0.346
0.349
0.305
0.318
0.326
0.295
0.298
0.329
0.306
0.279
0.300
0.291
0.330
0.380
0.315
0.314
0.314
0.303
0.304
0.354
0.335
0.333
0.361
0.384
0.325
0.310
0.345
0.320
0.315
0.355
0.388
0.334
0.325
0.342
0.338
0.366
0.378
0.304
0.300
0.288
0.274
0.317
0.328
0.295
0.308
0.308
0.307
0.364
0.377
0.320
0.331
0.360
0.336
0.365
0.377
0.322
0.346
0.325
0.315
0.309
0.305
0.277
0.297
0.339
0.307
0.308
0.342
0.348
0.321
0.325
0.355
0.328
0.322
0.339
0.360
0.321
0.315
0.352
0.311
0.324
0.376
0.303
0.302
0.320
0.317
0.271
0.277
0.300
0.275
0.278
0.290
0.272
0.298
0.356
0.338
0.303
0.315
0.295
0.311
0.355
0.346
0.339
0.345
0.321
0.312
0.325
0.344
0.319
0.319
0.334
0.327
0.325
0.377
0.418
0.380
0.409
0.413
0.359
0.393
0.397
0.325
0.302
0.301
0.267
0.267
0.282
0.262
0.247
0.286
0.291
0.287
0.323
0.271
0.275
0.361
0.338
0.395
0.413
0.362
0.281
0.274
0.261
0.261
0.305
0.290
0.226
0.281
0.310
0.312
0.377
0.382
0.309
0.328
0.334
0.319
0.326
0.357
0.326
0.281
0.291
0.285
0.264
0.275
0.289
0.285
0.330
0.298
0.275
0.357
0.370
0.349
0.341
0.359
0.285
0.232
0.312
0.312
0.314
0.328
0.292
0.278
0.310
0.336
0.344
0.351
0.339
0.324
0.341
0.427
0.400
0.331
0.350
0.376
0.313
0.315
0.342
0.290
0.252
0.279
0.262
0.276
0.341
0.342
0.335
0.344
0.284
0.252
0.291
0.306
0.303
0.346
0.305
0.266
0.330
0.357
0.309
0.312
0.313
0.255
0.293
0.332
0.288
0.305
0.351
0.310
0.277
0.322
0.331
0.296
0.315
0.316
0.294
0.328
0.366
0.298
0.256
0.287
0.286
0.327
0.378
0.370
0.308
0.334
0.310
0.279
0.333
0.292
0.284
0.336
0.350
0.299
0.307
0.291
0.261
0.321
0.368
0.326
0.249
0.289
0.278
0.258
0.321
0.350
0.330
0.269
0.277
0.281
0.223
0.274
0.297
0.253
0.283
0.335
0.316
0.305
0.306
0.255
0.247
0.287
0.261
0.248
0.307
0.285
0.294
0.340
0.326
0.291
0.305
0.318
0.280
0.277
0.320
0.282
0.277
0.299
0.299
0.261
0.302
0.379
0.362
0.348
0.319
0.278
0.316
0.364
0.333
0.326
0.348
0.339
0.336
0.400
0.419
0.337
0.300
0.315
0.269
0.262
0.303
0.264
0.257
0.270
0.296
0.281
0.316
0.297
0.299
0.357
0.312
0.296
0.361
0.328
0.292
0.314
0.281
0.314
0.345
0.339
0.325
0.352
0.313
0.327
0.339
0.311
0.261
0.286
0.283
0.318
0.364
0.335
0.272
0.273
0.298
0.300
0.323
0.382
0.337
0.315
0.368
0.350
0.342
0.378
0.382
0.323
0.322
0.295
0.325
0.354
0.312
0.339
0.358
0.384
0.367
0.269
0.287
0.311
0.308
0.345
0.346
0.343
0.377
0.366
0.368
0.386
0.345
0.283
0.316
0.358
0.380
0.338
0.316
0.296
0.311
0.344
0.334
0.311
0.280
0.289
0.330
0.329
0.333
0.333
0.377
0.446
0.439
0.363
0.312
0.308
0.359
0.344
0.303
0.314
0.354
0.404
0.353
0.293
0.253
0.278
0.309
0.318
0.262
0.274
0.328
0.351
0.301
0.277
0.277
0.313
0.290
0.257
0.328
0.388
0.430
0.377
0.337
0.328
0.385
0.367
0.327
0.314
0.282
0.367
0.360
0.320
0.309
0.317
0.314
0.276
0.286
0.334
0.379
0.321
0.310
0.316
0.324
0.295
0.320
0.344
0.420
0.391
0.349
0.347
0.347
0.340
0.309
0.301
0.346
0.387
0.360
0.345
0.351
0.330
0.292
0.305
0.345
0.309
0.262
0.286
0.315
0.310
0.314
0.368
0.439
0.346
0.312
0.340
0.323
0.275
0.232
0.253
0.330
0.308
0.304
0.297
0.332
0.324
0.288
0.301
0.332
0.385
0.357
0.336
0.338
0.334
0.360
0.367
0.310
0.287
0.347
0.403
0.413
0.356
0.327
0.293
0.313
0.310
0.297
0.325
0.377
0.321
0.267
0.297
0.286
0.269
0.287
0.306
0.338
0.300
0.299
0.300
0.341
0.312
0.297
0.303
0.341
0.346
0.326
0.293
0.295
0.284
0.135
0.183
0.342
0.447
0.439
0.415
0.378
0.354
0.355
0.351
0.315
0.251
0.262
0.331
0.282
0.248
0.318
0.417
0.381
0.354
0.337
0.361
0.362
0.399
0.425
0.405
0.317
0.310
0.351
0.370
0.370
0.384
0.382
0.346
0.326
0.348
0.324
0.331
0.433
0.495
0.448
0.403
0.408
0.408
0.347
0.293
0.317
0.344
0.337
0.292
0.282
0.299
0.304
0.354
0.335
0.279
0.245
0.264
0.296
0.277
0.312
0.341
0.315
0.290
0.302
0.326
0.297
0.254
0.268
0.280
0.275
0.259
0.264
0.270
0.252
0.254
0.287
0.330
0.301
0.285
0.282
0.318
0.312
0.315
0.329
0.336
0.313
0.280
0.281
0.286
0.278
0.287
0.325
0.349
0.312
0.300
0.327
0.290
0.304
0.330
0.319
0.295
0.264
0.219
0.248
0.293
0.347
0.359
0.396
0.458
0.441
0.491
0.409
0.319
0.314
0.311
0.324
0.275
0.268
0.255
0.235
0.237
0.271
0.260
0.252
0.260
0.261
0.277
0.290
0.274
0.279
0.271
0.269
0.287
0.265
0.252
0.256
0.298
0.320
0.319
0.319
0.333
0.304
0.300
0.333
0.353
0.318
0.286
0.262
0.302
0.299
0.300
0.341
0.394
0.360
0.306
0.294
0.323
0.294
0.316
0.343
0.335
0.277
0.280
0.300
0.270
0.264
0.293
0.317
0.299
0.279
0.293
0.306
0.294
0.276
0.292
0.372
0.361
0.389
0.459
0.475
0.360
0.333
0.404
0.368
0.318
0.282
0.296
0.277
0.255
0.266
0.316
0.259
0.199
0.214
0.255
0.268
0.276
0.296
0.328
0.322
0.318
0.324
0.294
0.303
0.335
0.341
0.322
0.274
0.240
0.256
0.290
0.290
0.289
0.298
0.312
0.283
0.300
0.329
0.288
0.324
0.337
0.310
0.282
0.293
0.343
0.317
0.322
0.358
0.343
0.273
0.231
0.204
0.211
0.247
0.297
0.300
0.295
0.284
0.279
0.298
0.371
0.376
0.302
0.259
0.288
0.297
0.239
0.229
0.254
0.262
0.249
0.247
0.279
0.294
0.292
0.309
0.366
0.363
0.298
0.287
0.318
0.319
0.308
0.332
0.274
0.276
0.321
0.315
0.281
0.249
0.267
0.320
0.305
0.284
0.294
0.276
0.283
0.343
0.375
0.368
0.305
0.302
0.327
0.330
0.275
0.267
0.305
0.259
0.276
0.311
0.309
0.290
0.300
0.288
0.254
0.248
0.274
0.284
0.308
0.355
0.310
0.302
0.371
0.405
0.414
0.393
0.434
0.518
0.371
0.255
0.294
0.275
0.222
0.224
0.227
0.249
0.294
0.303
0.271
0.262
0.266
0.299
0.266
0.239
0.275
0.279
0.267
0.267
0.300
0.266
0.268
0.289
0.309
0.282
0.226
0.247
0.317
0.271
0.278
0.294
0.283
0.271
0.260
0.286
0.253
0.235
0.251
0.269
0.275
0.314
0.334
0.308
0.265
0.266
0.260
0.248
0.256
0.327
0.311
0.273
0.289
0.308
0.283
0.265
0.261
0.216
0.197
0.243
0.277
0.251
0.260
0.291
0.272
0.254
0.263
0.288
0.279
0.278
0.297
0.275
0.219
0.245
0.314
0.303
0.263
0.263
0.302
0.298
0.256
0.242
0.237
0.270
0.312
0.345
0.298
0.261
0.256
0.273
0.272
0.263
0.251
0.317
0.267
0.259
0.296
0.211
0.234
0.283
0.314
0.255
0.256
0.277
0.288
0.252
0.244
0.294
0.298
0.261
0.220
0.275
0.411
0.457
0.414
0.484
0.474
0.410
0.328
0.320
0.333
0.324
0.285
0.277
0.290
0.347
0.358
0.316
0.324
0.302
0.304
0.290
0.326
0.367
0.353
0.312
0.340
0.333
0.316
0.318
0.343
0.317
0.271
0.286
0.297
0.254
0.287
0.322
0.305
0.263
0.255
0.276
0.261
0.280
0.339
0.337
0.325
0.370
0.408
0.367
0.398
0.389
0.345
0.313
0.313
0.359
0.362
0.279
0.273
0.294
0.276
0.254
0.260
0.300
0.244
0.228
0.295
0.310
0.288
0.296
0.327
0.286
0.281
0.313
0.297
0.250
0.274
0.290
0.241
0.248
0.309
0.280
0.230
0.245
0.267
0.286
0.306
0.350
0.377
0.305
0.233
0.256
0.277
0.235
0.239
0.287
0.266
0.234
0.281
0.317
0.311
0.303
0.347
0.316
0.295
0.312
0.315
0.278
0.292
0.341
0.326
0.313
0.305
0.329
0.297
0.285
0.347
0.358
0.299
0.284
0.317
0.310
0.331
0.452
0.382
0.228
0.210
0.271
0.274
0.232
0.242
0.281
0.309
0.323
0.357
0.332
0.356
0.408
0.385
0.318
0.280
0.310
0.325
0.286
0.322
0.363
0.299
0.217
0.238
0.283
0.242
0.255
0.326
0.326
0.301
0.299
0.330
0.333
0.277
0.300
0.325
0.253
0.249
0.295
0.299
0.326
0.394
0.396
0.347
0.422
0.383
0.256
0.280
0.330
0.306
0.253
0.256
0.275
0.254
0.244
0.276
0.298
0.291
0.351
0.372
0.361
0.312
0.305
0.339
0.309
0.339
0.334
0.306
0.296
0.271
0.298
0.307
0.269
0.250
0.254
0.244
0.229
0.197