0.320
0.329
0.345
0.389
0.411
0.422
0.434
0.439
0.448
0.456
0.459
0.449
0.424
0.414
0.394
0.394
0.409
0.429
0.446
0.442
0.437
0.427
0.431
0.453
0.500
0.505
0.503
0.498
0.521
0.527
0.512
0.500
0.486
0.485
0.486
0.477
0.485
0.460
0.455
0.451
0.457
0.471
0.472
0.446
0.437
0.441
0.438
0.404
0.403
0.402
0.422
0.442
0.458
0.474
0.483
0.489
0.528
0.547
0.533
0.501
0.478
0.463
0.441
0.423
0.433
0.445
0.411
0.403
0.417
0.402
0.418
0.431
0.470
0.501
0.508
0.499
0.489
0.477
0.454
0.457
0.449
0.464
0.468
0.475
0.526
0.538
0.509
0.496
0.490
0.520
0.502
0.455
0.481
0.505
0.495
0.477
0.463
0.470
0.503
0.505
0.506
0.507
0.521
0.538
0.547
0.532
0.535
0.526
0.553
0.567
0.564
0.530
0.493
0.498
0.534
0.554
0.545
0.492
0.511
0.581
0.566
0.511
0.512
0.480
0.457
0.443
0.477
0.496
0.503
0.476
0.427
0.415
0.402
0.397
0.375
0.408
0.423
0.411
0.456
0.499
0.517
0.510
0.536
0.530
0.466
0.421
0.445
0.420
0.431
0.470
0.502
0.487
0.460
0.430
0.465
0.505
0.459
0.433
0.456
0.437
0.406
0.421
0.395
0.389
0.415
0.416
0.477
0.515
0.511
0.480
0.468
0.471
0.514
0.450
0.386
0.396
0.390
0.410
0.395
0.397
0.411
0.440
0.424
0.398
0.414
0.404
0.378
0.332
0.303
0.319
0.362
0.411
0.389
0.428
0.446
0.421
0.438
0.435
0.414
0.421
0.432
0.409
0.440
0.418
0.429
0.430
0.397
0.392
0.395
0.394
0.389
0.374
0.398
0.442
0.455
0.464
0.473
0.446
0.433
0.404
0.375
0.336
0.301
0.352
0.365
0.368
0.358
0.375
0.361
0.359
0.299
0.256
0.201
0.210
0.252
0.268
0.332
0.399
0.402
0.379
0.403
0.408
0.418
0.447
0.431
0.428
0.428
0.434
0.437
0.399
0.389
0.410
0.415
0.397
0.385
0.382
0.366
0.362
0.419
0.479
0.488
0.476
0.463
0.440
0.438
0.445
0.430
0.399
0.390
0.408
0.453
0.467
0.443
0.410
0.425
0.427
0.411
0.417
0.442
0.453
0.457
0.452
0.443
0.441
0.443
0.424
0.406
0.403
0.412
0.403
0.400
0.402
0.411
0.415
0.413
0.406
0.390
0.368
0.362
0.356
0.347
0.384
0.452
0.513
0.545
0.524
0.475
0.436
0.420
0.420
0.422
0.420
0.427
0.427
0.424
0.406
0.386
0.373
0.380
0.388
0.404
0.430
0.443
0.451
0.473
0.490
0.500
0.489
0.481
0.481
0.488
0.490
0.492
0.491
0.495
0.500
0.501
0.496
0.469
0.444
0.417
0.385
0.355
0.336
0.318
0.325
0.361
0.410
0.445
0.459
0.464
0.453
0.424
0.416
0.440
0.467
0.465
0.454
0.432
0.418
0.403
0.425
0.414
0.404
0.378
0.394
0.454
0.441
0.382
0.388
0.400
0.415
0.401
0.463
0.476
0.493
0.500
0.487
0.529
0.548
0.538
0.524
0.528
0.464
0.408
0.435
0.433
0.437
0.430
0.448
0.509
0.526
0.494
0.483
0.510
0.445
0.378
0.406
0.446
0.451
0.447
0.483
0.383
0.413
0.403
0.405
0.411
0.390
0.387
0.427
0.452
0.502
0.515
0.488
0.493
0.450
0.438
0.434
0.412
0.411
0.388
0.403
0.431
0.473
0.512
0.478
0.459
0.474
0.524
0.516
0.483
0.501
0.518
0.510
0.488
0.503
0.521
0.552
0.560
0.509
0.518
0.498
0.474
0.432
0.419
0.421
0.390
0.364
0.374
0.412
0.453
0.420
0.412
0.431
0.443
0.437
0.452
0.480
0.494
0.473
0.485
0.454
0.452
0.396
0.402
0.430
0.362
0.376
0.393
0.434
0.492
0.504
0.514
0.488
0.468
0.457
0.402
0.419
0.415
0.388
0.373
0.411
0.445
0.458
0.468
0.451
0.418
0.416
0.394
0.447
0.427
0.437
0.434
0.446
0.453
0.438
0.387
0.388
0.388
0.403
0.349
0.337
0.337
0.347
0.336
0.324
0.318
0.276
0.245
0.250
0.257
0.276
0.313
0.326
0.311
0.302
0.300
0.292
0.289
0.298
0.308
0.323
0.348
0.350
0.329
0.313
0.305
0.309
0.301
0.305
0.330
0.358
0.390
0.372
0.357
0.367
0.386
0.373
0.360
0.361
0.385
0.417
0.424
0.409
0.394
0.383
0.381
0.380
0.369
0.351
0.319
0.299
0.288
0.289
0.300
0.313
0.329
0.334
0.337
0.351
0.381
0.401
0.409
0.408
0.411
0.406
0.396
0.396
0.407
0.397
0.378
0.388
0.381
0.380
0.395
0.399
0.381
0.367
0.369
0.384
0.402
0.388
0.397
0.402
0.413
0.419
0.433
0.454
0.443
0.430
0.476
0.556
0.611
0.520
0.358
0.380
0.405
0.406
0.461
0.466
0.483
0.446
0.454
0.470
0.417
0.406
0.391
0.399
0.424
0.427
0.470
0.449
0.462
0.465
0.414
0.411
0.462
0.443
0.488
0.517
0.485
0.495
0.480
0.451
0.439
0.470
0.456
0.452
0.480
0.515
0.495
0.475
0.447
0.437
0.422
0.396
0.379
0.407
0.471
0.478
0.471
0.479
0.473
0.441
0.436
0.429
0.440
0.379
0.369
0.390
0.370
0.385
0.390
0.409
0.413
0.413
0.427
0.435
0.440
0.436
0.433
0.399
0.419
0.431
0.480
0.492
0.457
0.439
0.431
0.507
0.537
0.540
0.511
0.463
0.427
0.447
0.485
0.493
0.472
0.462
0.470
0.474
0.475
0.485
0.494
0.488
0.518
0.489
0.466
0.438
0.432
0.417
0.423
0.408
0.406
0.384
0.396
0.412
0.421
0.433
0.451
0.435
0.455
0.445
0.410
0.377
0.358
0.344
0.340
0.327
0.333
0.313
0.293
0.313
0.307
0.309
0.348
0.396
0.411
0.372
0.344
0.323
0.304
0.313
0.330
0.336
0.359
0.381
0.379
0.367
0.366
0.379
0.397
0.406
0.406
0.389
0.381
0.386
0.392
0.408
0.411
0.393
0.377
0.373
0.378
0.383
0.392
0.407
0.421
0.438
0.456
0.444
0.435
0.430
0.429
0.429
0.413
0.392
0.438
0.450
0.464
0.464
0.438
0.406
0.407
0.415
0.390
0.366
0.378
0.402
0.439
0.449
0.444
0.453
0.467
0.479
0.480
0.457
0.406
0.360
0.446
0.437
0.436
0.433
0.435
0.425
0.427
0.435
0.431
0.452
0.465
0.450
0.438
0.428
0.399
0.387
0.403
0.421
0.435
0.449
0.426
