0.503
0.569
0.636
0.670
0.689
0.701
0.699
0.712
0.707
0.712
0.726
0.710
0.695
0.694
0.719
0.729
0.714
0.706
0.685
0.676
0.672
0.654
0.651
0.658
0.658
0.666
0.657
0.644
0.637
0.661
0.647
0.648
0.656
0.655
0.643
0.647
0.647
0.661
0.667
0.685
0.731
0.664
0.687
0.684
0.652
0.695
0.684
0.691
0.670
0.719
0.706
0.677
0.716
0.728
0.718
0.724
0.735
0.679
0.655
0.659
0.630
0.599
0.587
0.571
0.584
0.602
0.598
0.604
0.579
0.586
0.573
0.566
0.565
0.582
0.588
0.601
0.598
0.593
0.579
0.588
0.587
0.598
0.623
0.630
0.626
0.604
0.607
0.617
0.608
0.615
0.623
0.621
0.609
0.604
0.617
0.615
0.598
0.584
0.576
0.572
0.555
0.541
0.549
0.563
0.563
0.559
0.552
0.553
0.561
0.562
0.558
0.559
0.553
0.538
0.523
0.519
0.522
0.529
0.543
0.566
0.581
0.591
0.580
0.562
0.545
0.546
0.558
0.571
0.597
0.604
0.597
0.575
0.554
0.561
0.577
0.571
0.555
0.527
0.465
0.427
0.462
0.511
0.522
0.521
0.589
0.585
0.635
0.660
0.665
0.676
0.698
0.697
0.663
0.629
0.638
0.671
0.677
0.664
0.667
0.689
0.690
0.679
0.664
0.668
0.669
0.652
0.669
0.661
0.685
0.691
0.652
0.654
0.650
0.666
0.654
0.651
0.651
0.642
0.647
0.643
0.641
0.626
0.642
0.630
0.625
0.623
0.639
0.642
0.640
0.622
0.613
0.622
0.617
0.622
0.616
0.618
0.623
0.630
0.609
0.621
0.632
0.633
0.626
0.613
0.601
0.616
0.654
0.665
0.638
0.623
0.608
0.608
0.613
0.619
0.619
0.615
0.614
0.639
0.668
0.676
0.652
0.627
0.615
0.622
0.628
0.626
0.633
0.643
0.635
0.626
0.624
0.604
0.622
0.625
0.628
0.620
0.619
0.609
0.627
0.644
0.631
0.630
0.642
0.661
0.661
0.626
0.623
0.627
0.643
0.625
0.616
0.599
0.594
0.597
0.600
0.601
0.595
0.572
0.584
0.570
0.565
0.555
0.589
0.602
0.558
0.523
0.530
0.568
0.582
0.564
0.561
0.571
0.577
0.582
0.583
0.582
0.578
0.576
0.587
0.604
0.606
0.596
0.607
0.607
0.600
0.609
0.610
0.615
0.609
0.611
0.615
0.623
0.623
0.614
0.618
0.642
0.655
0.644
0.633
0.630
0.630
0.629
0.624
0.628
0.634
0.626
0.609
0.595
0.595
0.596
0.594
0.582
0.580
0.584
0.575
0.572
0.578
0.576
0.566
0.565
0.572
0.574
0.572
0.573
0.567
0.567
0.568
0.571
0.584
0.596
0.587
0.577
0.583
0.593
0.594
0.581
0.561
0.546
0.547
0.556
0.571
0.588
0.609
0.613
0.604
0.595
0.594
0.602
0.608
0.609
0.612
0.616
0.622
0.632
0.642
0.651
0.657
0.659
0.655
0.652
0.648
0.635
0.618
0.609
0.600
0.592
0.590
0.587
0.569
0.567
0.571
0.580
0.600
0.603
