0.083
0.209
0.214
0.202
0.191
0.168
0.212
0.260
0.196
0.186
0.192
0.219
0.311
0.318
0.276
0.230
0.279
0.215
0.180
0.169
0.132
0.151
0.172
0.156
0.131
0.151
0.200
0.197
0.180
0.154
0.158
0.145
0.160
0.167
0.135
0.119
0.135
0.134
0.152
0.207
0.216
0.173
0.198
0.233
0.173
0.211
0.192
0.245
0.296
0.303
0.229
0.208
0.216
0.187
0.205
0.226
0.227
0.228
0.206
0.189
0.168
0.144
0.137
0.155
0.181
0.165
0.182
0.238
0.266
0.275
0.252
0.212
0.176
0.132
0.094
0.076
0.089
0.099
0.095
0.125
0.168
0.195
0.205
0.165
0.175
0.177
0.145
0.174
0.198
0.156
0.135
0.197
0.250
0.248
0.196
0.210
0.281
0.230
0.256
0.188
0.147
0.171
0.216
0.250
0.183
0.230
0.193
0.155
0.152
0.176
0.234
0.202
0.154
0.148
0.154
0.174
0.203
0.180
0.143
0.140
0.149
0.176
0.202
0.212
0.240
0.263
0.270
0.265
0.238
0.211
0.193
0.185
0.190
0.193
0.190
0.191
0.184
0.176
0.191
0.206
0.205
0.204
0.192
0.189
0.174
0.150
0.144
0.146
0.138
0.136
0.136
0.143
0.150
0.165
0.139
0.121
0.140
0.151
0.149
0.151
0.145
0.170
0.175
0.165
0.188
0.235
0.249
0.236
0.214
0.196
0.198
0.203
0.203
0.204
0.217
0.215
0.199
0.192
0.196
0.198
0.194
0.190
0.186
0.192
0.189
0.181
0.170
0.157
0.146
0.148
0.154
0.166
0.173
0.172
0.165
0.159
0.156
0.151
0.146
0.123
0.112
0.146
0.172
0.165
0.170
0.175
0.178
0.176
0.158
0.157
0.169
0.180
0.186
0.215
0.232
0.237
0.249
0.264
0.253
0.254
0.243
0.234
0.239
0.248
0.249
0.241
0.223
0.233
0.251
0.267
0.268
0.269
0.294
0.319
0.308
0.288
0.258
0.230
0.211
0.206
0.204
0.212
0.225
0.217
0.200
0.199
0.221
0.253
0.256
0.260
0.269
0.282
0.267
0.243
0.252
0.284
0.285
0.286
0.295
0.303
0.292
0.263
0.254
0.279
0.287
0.288
0.310
0.329
0.313
0.287
0.262
0.258
0.271
0.289
0.292
0.286
0.260
0.239
0.219
0.196
0.194
0.186
0.170
0.153
0.162
0.161
0.141
0.137
0.135
0.152
0.169
0.135
0.130
0.144
0.141
0.122
0.114
0.137
0.152
0.142
0.133
0.149
0.174
0.178
0.165
0.155
0.155
0.157
0.159
0.173
0.217
0.280
0.312
0.298
0.269
0.268
0.266
0.263
0.261
0.257
0.235
0.205
0.187
0.189
0.189
0.185
0.191
0.193
0.188
0.181
0.172
0.158
0.167
0.170
0.163
0.159
0.154
0.156
0.164
0.178
0.189
0.195
0.176
0.188
0.190
0.173
0.174
0.157
0.165
0.185
0.203
0.203
0.208
0.219
0.208
0.188
0.168
0.147
0.140
0.126
0.147
0.150
0.130
0.141
0.168
0.198
0.214
0.202
0.213
0.202
0.185
0.190
0.193
0.172
0.165
0.177
0.182
0.179
0.171
0.182
0.223
0.219
0.195
0.194
0.205
0.203
0.193
0.194
0.212
0.207
0.183
0.193
0.215
0.180
0.164
0.155
0.143
0.146
0.133
0.150
0.180
0.184
0.219
0.235
0.215
0.200
0.199
0.230
0.210
0.157
0.164
0.175
0.171
0.152
0.130
0.143
0.136
0.147
0.178
0.194
0.192
0.172
0.176
0.199
0.198
0.184
0.173
0.162
0.125
0.108
0.128
0.160
0.177
0.186
0.202
0.188
0.185
0.227
0.226
0.206
0.219
0.198
0.178
0.193
0.219
0.202
0.168
0.148
0.152
0.159
0.153
0.152
0.155
0.152
0.166
0.184
0.192
0.194
0.187
0.194
0.210
0.202
0.195
0.233
0.264
0.263
0.244
0.232
0.216
0.189
0.198
0.202
0.172
0.154
0.170
0.165
0.138
0.142
0.173
0.152
0.110
0.130
0.140
0.106
0.080
0.088
0.112
0.152
0.191
0.195
0.175
0.131
0.053
