0.479
0.524
0.540
0.503
0.479
0.486
0.481
0.477
0.524
0.538
0.495
0.475
0.504
0.520
0.489
0.428
0.397
0.423
0.423
0.440
0.514
0.527
0.511
0.561
0.558
0.579
0.608
0.560
0.619
0.663
0.697
0.625
0.521
0.508
0.424
0.390
0.439
0.378
0.332
0.338
0.347
0.392
0.405
0.405
0.338
0.351
0.384
0.380
0.377
0.362
0.377
0.349
0.304
0.287
0.359
0.386
0.398
0.464
0.483
0.515
0.526
0.527
0.462
0.451
0.452
0.397
0.346
0.287
0.316
0.405
0.442
0.483
0.560
0.598
0.597
0.595
0.582
0.578
0.530
0.474
0.490
0.486
0.501
0.517
0.491
0.509
0.538
0.586
0.634
0.656
0.656
0.648
0.628
0.612
0.619
0.611
0.619
0.624
0.617
0.608
0.592
0.562
0.529
0.550
0.580
0.627
0.673
0.727
0.786
0.821
0.815
0.792
0.745
0.708
0.679
0.659
0.666
0.660
0.638
0.620
0.595
0.562
0.511
0.458
0.474
0.499
0.404
0.423
0.520
0.570
0.556
0.504
0.505
0.574
0.627
0.629
0.590
0.564
0.558
0.537
0.515
0.484
0.444
0.390
0.350
0.399
0.524
0.569
0.501
0.449
0.430
0.428
0.437
0.470
0.461
0.480
0.476
0.455
0.451
0.463
0.475
0.443
0.443
0.487
0.507
0.562
0.600
0.585
0.539
0.483
0.455
0.495
0.528
0.558
0.535
0.458
0.445
0.489
0.433
0.331
0.237
0.240
0.277
0.281
0.289
0.286
0.292
0.390
0.454
0.438
0.384
0.352
0.310
0.299
0.366
0.484
0.598
0.620
0.600
0.532
0.472
0.478
0.539
0.568
0.552
0.561
0.609
0.642
0.674
0.657
0.678
0.699
0.676
0.666
0.619
0.590
0.598
0.568
0.558
0.571
0.574
0.600
0.616
0.596
0.538
0.502
0.484
0.474
0.484
0.485
0.481
0.459
0.453
0.411
0.411
0.374
0.339
0.328
0.302
0.312
0.388
0.448
0.416
0.326
0.351
0.468
0.543
0.557
0.604
0.588
0.456
0.406
0.408
0.440
0.542
0.657
0.714
0.655
0.536
0.549
0.611
0.654
0.640
0.561
0.451
0.407
0.282
0.271
0.321
0.375
0.475
0.620
0.712
0.725
0.705
0.553
0.299
0.342
0.434
0.509
0.569
0.580
0.590
0.615
0.643
0.673
0.698
0.694
0.687
0.663
0.678
0.708
0.714
0.688
0.639
0.619
0.623
0.632
0.623
0.626
0.622
0.641
0.653
0.653
0.647
0.631
0.602
0.548
0.508
0.510
0.546
0.517
0.497
0.546
0.485
0.427
0.407
0.403
0.419
0.422
0.363
0.353
0.358
0.357
0.393
0.406
0.415
0.390
0.390
0.403
0.403
0.444
0.480
0.475
0.507
0.521
0.556
0.609
0.618
0.571
0.492
0.459
0.445
0.418
0.488
0.524
0.469
0.437
0.380
0.336
0.312
0.337
0.340
0.386
0.449
0.451
0.427
0.396
0.434
0.469
0.518
0.584
0.630
0.578
0.470
0.449
0.500
0.515
0.514
0.509
0.530
0.549
0.537
0.508
0.466
0.404
0.384
0.386
0.432
0.431
0.443
0.413
0.383
0.415
0.362
0.317
0.330
0.243
0.267
0.339
0.300
0.301
0.402
0.462
0.460
0.458
0.523
0.457
0.395
0.353
0.287
0.300
0.294
0.271
0.347
0.351
0.285
0.304
0.315
0.345
0.334
0.293
0.300
0.373
0.389
0.396
0.404
0.389
0.407
0.420
0.420
0.422
0.412
0.409
0.446
0.430
0.399
0.378
0.347
0.286
0.269
0.295
0.286
0.268
0.268
0.385
0.523
0.511
0.497
0.578
0.580
0.453
0.406
0.417
0.466
0.518
0.511
0.474
0.462
0.516
0.499
0.420
0.436
0.382
0.315
0.356
0.402
0.426
0.452
0.463
0.415
0.412
0.457
0.493
0.488
0.526
0.557
0.492
0.401
0.363
0.386
0.356
0.309
0.300
0.374
0.437
0.424
0.381
0.338
0.388
0.505
0.501
0.440
0.513
0.516
0.512
0.466
0.489
0.512
0.496
0.459
0.490
0.523
0.477
0.453
0.422
0.423
0.394
0.374
0.366
0.316
0.319
0.313
0.304
0.330
0.356
0.416
0.441
0.431
0.394
0.354
0.341
0.332
0.359
0.409
0.394
0.400
0.488
0.592
0.635
0.490
