0.392
0.394
0.404
0.423
0.437
0.435
0.407
0.370
0.354
0.362
0.373
0.375
0.369
0.364
0.361
0.363
0.369
0.367
0.363
0.366
0.366
0.369
0.383
0.390
0.386
0.380
0.379
0.380
0.381
0.382
0.382
0.380
0.383
0.383
0.379
0.377
0.379
0.384
0.385
0.382
0.381
0.384
0.389
0.390
0.388
0.385
0.381
0.380
0.381
0.386
0.389
0.388
0.390
0.388
0.388
0.396
0.403
0.403
0.402
0.400
0.396
0.394
0.395
0.394
0.394
0.393
0.390
0.393
0.399
0.402
0.410
0.416
0.416
0.415
0.412
0.409
0.408
0.407
0.404
0.402
0.402
0.408
0.416
0.420
0.418
0.417
0.419
0.422
0.426
0.431
0.435
0.438
0.439
0.437
0.439
0.441
0.443
0.444
0.441
0.437
0.435
0.435
0.437
0.437
0.437
0.440
0.448
0.457
0.461
0.461
0.460
0.457
0.459
0.464
0.470
0.474
0.474
0.472
0.469
0.465
0.465
0.465
0.464
0.463
0.464
0.467
0.467
0.462
0.453
0.443
0.433
0.425
0.426
0.434
0.443
0.450
0.455
0.461
0.466
0.469
0.472
0.468
0.464
0.461
0.466
0.473
0.468
0.460
0.455
0.452
0.452
0.455
0.453
0.450
0.453
0.462
0.469
0.475
0.477
0.473
0.469
0.465
0.455
0.443
0.431
0.415
0.407
0.405
0.406
0.404
0.404
0.406
0.406
0.410
0.417
0.419
0.418
0.418
0.416
0.398
0.394
0.405
0.420
0.444
0.463
0.448
0.416
0.394
0.392
0.398
0.402
0.400
0.399
0.408
0.422
0.428
0.427
0.424
0.427
0.430
0.429
0.431
0.433
0.429
0.426
0.426
0.424
0.424
0.424
0.416
0.408
0.410
0.420
0.427
0.421
0.411
0.406
0.410
0.413
0.408
0.408
0.413
0.414
0.410
0.406
0.406
0.409
0.411
0.408
0.409
0.411
0.411
0.409
0.405
0.402
0.396
0.393
0.399
0.402
0.395
0.391
0.385
0.377
0.385
0.395
0.396
0.394
0.387
0.384
0.391
0.389
0.386
0.392
0.395
0.396
0.399
0.402
0.404
0.405
0.406
0.405
0.402
0.401
0.403
0.406
0.406
0.407
0.408
0.410
0.410
0.408
0.404
0.402
0.396
0.387
0.387
0.395
0.403
0.405
0.404
0.406
0.409
0.405
0.403
0.404
0.406
0.408
0.409
0.407
0.406
0.406
0.403
0.404
0.408
0.410
0.409
0.409
0.406
0.400
0.399
0.405
0.408
0.409
0.408
0.407
0.405
0.402
0.399
0.403
0.406
0.405
0.407
0.414
0.422
0.419
0.409
0.406
0.408
0.407
0.406
0.404
0.400
0.397
0.395
0.395
0.398
0.400
0.401
0.398
0.397
0.398
0.398
0.403
0.408
0.405
0.403
0.405
0.407
0.410
0.413
0.410
0.406
0.408
0.408
0.407
0.401
0.405
0.417
0.422
0.422
0.425
0.431
0.434
0.435
0.436
0.435
0.431
0.405
0.393
0.410
0.428
0.450
0.459
0.450
0.431
0.417
0.414
0.415
0.410
0.407
0.412
0.418
0.427
0.427
0.414
0.405
0.396
0.388
0.382
0.372
0.367
0.362
0.353
0.350
0.354
0.359
0.361
0.364
0.363
0.361
0.368
0.376
0.381
0.377
0.371
0.368
0.368
0.367
0.362
0.358
0.358
0.353
0.346
0.345
0.345
0.350
0.354
0.354
0.354
0.352
0.353
0.354
0.354
0.357
0.362
0.364
0.364
0.366
0.370
0.372
0.371
0.368
0.371
0.383
0.391
0.390
0.384
0.384
0.382
0.382
0.384
0.387
0.387
0.386
0.382
0.381
0.393
0.404
0.404
0.400
0.396
0.397
0.401
0.403
0.400
0.401
0.400
0.389
0.381
0.378
0.382
0.383
0.384
0.388
0.394
0.393
0.390
0.391
0.391
0.396
0.400
0.401
0.399
0.399
0.402
0.402
0.404
0.405
0.402
0.398
0.401
0.412
0.419
0.417
0.412
0.409
0.411
0.411
0.403
0.398
0.397
0.393
0.388
0.390
0.394
0.392
0.389
0.411
0.430
0.441
0.447
0.449
0.460
0.457
0.435
0.407
0.380
0.381
0.379
0.383
0.388
0.388
0.383
0.381
0.382
0.388
0.398
0.401
0.394
0.393
0.404
0.409
0.407
0.407
0.404
0.397
0.392
0.386
0.380
0.373
0.369
0.371
0.379
0.383
0.386
0.393
0.396
0.398
0.398
0.397
0.398
0.399
0.397
0.399
0.402
0.405
0.403
0.404
0.406
0.407
0.411
0.416
0.414
0.409
0.408
0.414
0.416
0.414
0.414
0.413
0.413
0.415
0.423
0.426
0.418
0.408
0.402
0.401
0.396
0.391
0.390
0.394
0.398
0.397
0.402
0.415
0.418
0.415
0.416
0.418
0.419
0.421
0.418
0.416
0.425
0.431
0.430
0.424
0.422
0.424
0.424
0.424
0.419
0.419
0.427
0.425
0.427
0.425
0.412
0.397
0.391
0.395
0.396
0.392
0.394
0.397
0.399
0.404
0.416
0.422
0.418
0.408
0.402
0.398
0.401
0.405
0.406
0.409
0.408
0.405
0.405
0.409
0.416
0.418
0.423
0.428
0.434
0.392
0.394
0.404
0.423
0.437
0.435
0.407
0.370
0.354
0.362
0.373
0.375
0.369
0.364
0.361
0.363
0.369
0.367
0.363
0.366
0.366
0.369
0.383
0.390
0.386
0.380
0.379
0.380
0.381
0.382
0.382
0.380
0.383
0.383
0.379
0.377
0.379
0.384
0.385
0.382
0.381
0.384
0.389
0.390
0.388
0.385
0.381
0.380
0.381
0.386
0.389
0.388
0.390
0.388
0.388
0.396
0.403
0.403
0.402
0.400
0.396
0.394
0.395
0.394
0.394
0.393
0.390
0.393
0.399
0.402
0.410
0.416
0.416
0.415
0.412
0.409
0.408
0.407
0.404
0.402
0.402
0.408
0.416
0.420
0.418
0.417
0.419
0.422
0.426
0.431
0.435
0.438
0.439
0.437
0.439
0.441
0.443
0.444
0.441
0.437
0.435
0.435
0.437
0.437
0.437
0.440
0.448
0.457
0.461
0.461
0.460
0.457
0.459
0.464
0.470
0.474
0.474
0.472
0.469
0.465
0.465
0.465
0.464
0.463
0.464
0.467
0.467
0.462
0.453
0.443
0.433
0.425
0.426
0.434
0.443
0.450
0.455
0.461
0.466
0.469
0.472
0.468
0.464
0.461
0.466
0.473
0.468
0.460
0.455
0.452
0.452
0.455
0.453
0.450
0.453
0.462
0.469
0.475
0.477
0.473
0.469
0.465
0.455
0.443
0.431
0.415
0.407
0.405
0.406
0.404
0.404
0.406
0.406
0.410
0.417
0.419
0.418
0.418
0.416
0.398
