0.517
0.528
0.546
0.554
0.550
0.552
0.551
0.544
0.539
0.535
0.532
0.528
0.530
0.532
0.533
0.534
0.535
0.536
0.536
0.533
0.531
0.534
0.532
0.525
0.523
0.526
0.533
0.527
0.503
0.499
0.504
0.511
0.528
0.535
0.534
0.532
0.529
0.529
0.528
0.529
0.533
0.535
0.533
0.536
0.540
0.541
0.538
0.536
0.535
0.535
0.538
0.538
0.539
0.539
0.538
0.539
0.542
0.545
0.542
0.540
0.539
0.540
0.542
0.540
0.535
0.534
0.539
0.548
0.547
0.538
0.532
0.531
0.538
0.544
0.539
0.532
0.526
0.520
0.526
0.531
0.533
0.535
0.535
0.534
0.528
0.524
0.529
0.534
0.529
0.524
0.530
0.532
0.525
0.522
0.524
0.527
0.532
0.536
0.534
0.531
0.531
0.529
0.527
0.523
0.520
0.524
0.526
0.525
0.528
0.537
0.540
0.534
0.530
0.526
0.525
0.530
0.534
0.532
0.532
0.536
0.540
0.540
0.541
0.545
0.549
0.546
0.541
0.541
0.539
0.536
0.537
0.546
0.550
0.545
0.545
0.553
0.546
0.520
0.511
0.519
0.522
0.520
0.523
0.522
0.517
0.514
0.514
0.514
0.514
0.516
0.514
0.506
0.502
0.505
0.508
0.506
0.506
0.509
0.510
0.509
0.508
0.504
0.500
0.503
0.507
0.509
0.514
0.520
0.520
0.519
0.524
0.531
0.531
0.527
0.525
0.525
0.524
0.524
0.525
0.524
0.524
0.523
0.513
0.510
0.515
0.514
0.508
0.506
0.512
0.510
0.503
0.507
0.511
0.509
0.508
0.508
0.512
0.515
0.516
0.516
0.518
0.519
0.513
0.506
0.502
0.501
0.501
0.504
0.505
0.505
0.504
0.503
0.499
0.498
0.501
0.499
0.495
0.498
0.503
0.506
0.508
0.520
0.507
0.535
0.553
0.527
0.502
0.496
0.498
0.498
0.502
0.509
0.514
0.512
0.509
0.510
0.507
0.499
0.496
0.502
0.506
0.507
0.504
0.496
0.483
0.473
0.478
0.484
0.487
0.487
0.484
0.476
0.467
0.473
0.483
0.487
0.485
0.480
0.473
0.472
0.477
0.489
0.495
0.492
0.489
0.485
0.482
0.480
0.481
0.483
0.482
0.480
0.480
0.481
0.481
0.475
0.472
0.477
0.480
0.480
0.481
0.482
0.482
0.478
0.476
0.476
0.473
0.475
0.481
0.485
0.482
0.479
0.482
0.484
0.483
0.487
0.491
0.491
0.492
0.492
0.490
0.489
0.495
0.499
0.500
0.501
0.501
0.498
0.499
0.500
0.501
0.506
0.507
0.499
0.490
0.490
0.497
0.500
0.497
0.497
0.497
0.494
0.489
0.488
0.488
0.488
0.488
0.483
0.479
0.482
0.487
0.486
0.486
0.488
0.486
0.486
0.491
0.485
0.472
0.465
0.466
0.466
0.467
0.467
0.461
0.462
0.471
0.472
0.467
0.466
0.469
0.472
0.473
0.474
0.471
0.466
0.469
0.479
0.482
0.478
0.480
0.482
0.481
0.477
0.471
0.468
0.467
0.467
0.464
0.467
0.470
0.472
0.474
0.477
0.482
0.487
0.490
0.491
0.491
0.494
0.495
0.493
0.492
0.493
0.492
0.493
0.500
0.504
0.504
0.502
0.503
0.499
0.499
0.504
0.508
0.510
0.511
0.507
0.500
0.498
0.499
0.498
0.494
0.496
0.499
0.499
0.494
0.496
0.504
0.509
0.509
0.502
0.493
0.487
0.488
0.490
0.495
0.502
0.500
0.497
0.494
0.492
0.491
0.496
0.501
0.497
0.486
0.480
0.480
0.479
0.473
0.472
0.480
0.482
0.481
0.480
0.481
0.480
0.478
0.480
0.482
0.477
0.475
0.478
0.480
0.482
0.482
0.480
0.480
0.486
0.492
0.493
0.489
0.486
0.489
0.498
0.493
0.480
0.501
0.510
0.509
0.525
0.529
0.533
0.543
0.543
0.546
0.548
0.545
0.544
0.546
0.545
0.547
0.548
0.548
0.546
0.548
0.545
0.541
0.538
0.537
0.538
0.539
0.541
0.543
0.547
0.542
0.538
0.531
0.531
0.530
0.532
0.532
0.534
0.536
0.536
0.536
0.541
0.543
0.542
0.542
0.547
0.549
0.551
0.548
0.544
0.535
0.531
0.537
0.540
0.545
0.540
0.534
0.528
0.528
0.532
0.532
0.531
0.532
0.532
0.532
0.532
0.533
0.535
0.534
0.531
0.527
0.524
0.523
0.528
0.532
0.534
0.534
0.535
0.536
0.535
0.535
0.534
0.537
0.541
0.541
0.539
0.533
0.533
0.539
0.543
0.547
0.549
0.548
0.546
0.542
0.536
0.529
0.533
0.538
0.537
0.538
0.540
0.542
0.543
0.541
0.537
0.538
0.541
0.542
0.543
0.544
0.547
0.547
0.546
0.540
0.526
0.519
0.516
0.514
0.515
0.518
0.518
0.520
0.523
0.526
0.528
0.526
0.523
0.521
0.520
0.519
0.517
0.517
0.519
0.515
0.510
0.504
0.506
0.514
0.519
0.516
0.509
0.503
0.499
0.498
0.499
0.499
0.500
0.499
0.498
0.494
0.493
0.493
0.499
0.499
0.494
0.496
0.495
0.494
0.494
0.492
0.490
0.495
0.501
0.502
0.501
0.498
0.495
0.492
0.493
0.495
0.496
0.495
0.494
0.496
0.497
0.496
0.493
0.497
0.500
0.503
0.500
0.497
0.497
0.496
0.495
0.495
0.499
0.504
0.504
0.503
0.501
0.499
0.498
0.496
0.496
0.496
0.495
0.496
0.494
0.493
0.492
0.488
0.487
0.484
0.486
0.489
0.487
0.486
0.488
0.491
0.491
0.480
0.466
0.470
0.483
0.495
0.496
0.496
0.500
0.504
0.506
0.508
0.509
0.508
0.506
0.508
0.515
0.524
0.523
0.521
0.515
0.508
0.506
0.509
0.515
0.517
0.514
0.512
0.507
0.499
0.488
0.483
0.484
0.488
0.493
0.494
0.493
0.490
0.489
0.487
0.481
0.479
0.477
0.476
0.477
0.483
0.489
0.491
0.493
0.494
0.490
0.487
0.482
0.478
0.472
0.468
0.467
0.464
0.464
0.467
0.470
0.477
0.479
0.471
0.468
0.468
0.464
0.465
0.464
0.465
0.465
0.464
0.466
0.464
0.460
0.458
0.459
0.465
0.470
0.471
0.469
0.462
0.461
0.467
0.469
0.470
0.476
0.477
0.475
0.474
0.472
0.469
0.469
0.470
0.467
0.466
0.469
0.473
0.458
0.462
0.465
0.466
0.461
0.459
0.466
0.469
0.478
0.479
0.478
0.481
0.491
0.494
0.490
0.490
0.489
0.489
0.495
0.492
0.486
0.481
0.479
0.475
0.473
0.476
0.482
0.481
0.480
0.480
0.479
0.479
0.477
0.477
0.482
0.487
0.492
0.490
0.483
0.483
0.485
0.484
0.481
0.483
0.488
0.484
0.481
0.479
0.474
0.476
0.473
0.469
0.466
0.462
0.457
0.460
0.468
0.474
0.472
0.472
0.470
0.465
0.467
0.473
0.475
0.473
0.474
0.472
0.470
0.474
0.477
0.484
0.482
0.484
0.496
0.498
0.496
0.496
0.491
0.487
0.488
0.481
0.473
0.482
0.492
0.496
0.499
0.502
0.500
0.496
0.494
0.498
0.500
0.498
0.497
0.501
0.501
0.495
0.494
0.494
0.497
0.501
0.509
0.511
0.507
0.503
0.497
0.492
0.496
0.505
0.510
0.514
0.516
0.517
0.517
0.520
0.523
0.521
0.519
0.518
0.517
0.514
0.506
0.507
0.517
0.517
0.520
0.517
0.513
0.508
0.502
0.498
0.509
0.511
0.502
0.500
0.500
0.497
0.494
0.492
0.489
0.490
0.488
0.487
0.491
0.492
0.489
0.490
0.491
0.490
0.491
0.489
0.493
0.496
0.497
0.493
0.490
0.496
0.507
0.513
0.511
0.509
0.504
0.503
0.507
0.506
0.507
0.505
0.504
0.503
0.506
0.512
0.513
0.515
0.516
0.516
0.515
0.507
0.499
0.505
0.515
0.510
0.502
0.500
0.504
0.505
0.505
0.503
0.504
0.509
0.511
0.512
0.519
0.526
0.526
0.524
0.520
0.516
0.508
0.503
0.506
0.511
0.510
0.503
0.495
0.491
0.490
0.490
0.487
0.493
0.506
0.516
0.514
0.507
0.504
0.496
0.492
0.497
0.498
0.497
0.495
0.495
0.496
0.489
0.479
0.472
0.469
0.471
0.475
0.481
0.481
0.478
0.475
0.477
0.482
0.483
0.483
0.482
0.477
0.475
0.475
0.474
0.473
0.478
0.483
0.478
0.472
0.469
0.469
0.469
0.472
0.479
0.483
0.480
0.476
0.474
0.466
0.461
0.461
0.466
0.466
0.467
0.470
0.469
0.466
0.467
0.468
0.465
0.465
0.467
0.460
0.446
0.448
0.460
0.469
0.470
0.462
0.459
0.456
0.456
0.455
0.452
0.451
0.456
0.461
0.460
0.460
0.455
0.448
0.444
0.446
0.438
0.432
0.437
0.445
0.447
0.445
0.442
0.437
0.435
0.440
0.445
0.446
0.445
0.438
0.432
0.433
0.435
0.443
0.453
0.453
0.446
0.444
0.441
0.437
0.438
0.438
0.436
0.434
0.433
0.441
0.552
0.552
0.555
0.555
0.565
0.574
0.573
0.588
0.610
0.622
0.614
0.613
0.614
0.607
0.600
0.603
0.607
0.609
0.607
0.614
0.621
0.621
0.618
0.620
0.627
0.621
0.613
0.611
0.600
0.589
0.577
0.577
0.592
0.590
0.576
0.574
0.569
0.571
0.573
0.576
0.577
0.581
0.582
0.579
0.572
0.563
0.564
0.571
0.571
0.573
0.572
0.571
0.571
0.564
0.562
0.562
0.563
0.565
0.565
0.568
0.571
0.574
0.579
0.581
0.579
0.581
0.584
0.588
0.588
0.589
0.592
0.591
0.585
0.581
0.578
0.572
0.576
0.576
0.565
0.557
0.555
0.564
0.569
0.568
0.566
0.563
0.566
0.570
0.572
0.572
0.569
0.569
0.570
0.572
0.577
0.574
0.573
0.570
0.570
0.572
0.574
0.570
0.573
0.576
0.575
0.574
0.572
0.566
0.563
0.569
0.574
0.580
0.582
0.580
0.579
0.580
0.583
0.584
0.584
0.589
0.595
0.601
0.601
0.604
0.604
0.601
0.598
0.595
0.595
0.598
0.599
0.600
0.603
0.604
0.600
0.596
0.599
0.605
0.605
0.599
0.596
0.588
0.573
0.571
0.585
0.588
0.580
0.580
0.577
0.576
0.579
0.580
0.578
0.573
0.575
0.579
0.586
0.587
0.585
0.584
0.588
0.592
0.600
0.602
0.604
0.608
0.611
0.607
0.606
0.611
0.609
0.609
0.617
0.623
0.628
0.627
0.623
0.621
0.626
0.634
0.635
0.631
0.631
0.623
0.597
0.583
0.594
0.615
0.628
0.640
0.641
0.633
0.625
0.620
0.624
0.626
0.616
0.615
0.626
0.640
0.623
0.604
0.605
0.598
0.592
0.589
0.576
0.567
0.564
0.563
0.556
0.557
0.568
0.580
0.592
0.600
0.595
0.589
0.588
0.583
0.575
0.577
0.578
0.576
0.575
0.578
0.580
0.570
0.562
0.550
0.542
0.549
0.568
0.556
0.594
0.582
0.543
0.554
0.571
0.581
0.616
0.625
0.611
0.614
0.619
0.610
0.597
0.588
0.592
0.599
0.597
0.589
0.592
0.602
0.604
0.598
0.600
0.615
0.631
0.640
0.647
0.631
0.603
0.615
0.629
0.632
0.623
0.591
0.587
0.607
0.617
0.621
0.615
0.608
0.618
0.619
0.617
0.633
0.628
0.627
0.618
0.622
0.626
0.621
0.611
0.615
0.621
0.618
0.619
0.613
0.611
0.609
0.610
0.616
0.614
0.611
0.610
0.615
0.619
0.613
0.614
0.625
0.624
0.624
0.620
0.619
0.622
0.621
0.627
0.632
0.630
0.619
0.606
0.601
0.597
0.594
0.610
0.621
0.641
0.647
0.634
0.617
0.605
0.607
0.620
0.626
0.619
0.617
0.627
0.634
0.620
0.606
0.602
0.608
0.609
0.602
0.590
0.590
0.590
0.586
0.586
0.594
0.591
0.584
0.569
0.549
0.533
0.516
0.494
0.489
0.495
0.503
0.679
0.701
0.678
0.675
0.677
0.667
0.666
0.670
0.679
0.689
0.697
0.683
0.685
0.692
0.698
0.670
0.664
0.664
0.662
0.676
0.677
0.675
0.681
0.702
0.737
0.752
0.749
0.749
0.749
0.752
0.751
0.742
0.733
0.729
0.721
0.715
0.717
0.705
0.693
0.684
0.678
0.665
0.650
0.650
0.646
0.633
0.633
0.629
0.640
0.650
0.635
0.623
0.629
0.646
0.646
0.640
0.640
0.636
0.626
0.630
0.620
0.614
0.626
0.634
0.636
0.634
0.637
0.637
0.627
0.614
0.614
0.623
0.637
0.640
0.625
0.619
0.623
0.618
0.619
0.626
0.627
0.612
0.603
0.614
0.625
0.623
0.611
0.593
0.581
0.593
0.602
0.595
0.583
0.576
0.578
0.580
0.577
0.563
0.560
0.559
0.554
0.547
0.552
0.569
0.597
0.595
0.577
0.581
0.587
0.584
0.590
0.601
0.597
0.586
0.580
0.574
0.571
0.572
0.575
0.582
0.582
0.577
0.571
0.570
0.564
0.559
0.565
0.570
0.556
0.545
0.548
0.551
0.550
0.555
0.566
0.556
0.536
0.537
0.536
0.537
0.549
0.625
0.637
0.653
0.640
0.621
0.638
0.685
0.706
0.707
0.700
0.691
0.677
0.659
0.647
0.648
0.667
0.668
0.674
0.703
0.727
0.727
0.698
0.682
0.682
0.694
0.700
0.697
0.696
0.694
0.698
0.692
0.678
0.682
0.698
0.699
0.693
0.688
0.690
0.693
0.695
0.693
0.682
0.683
0.702
0.710
0.697
0.686
0.677
0.681
0.686
0.685
0.680
0.678
0.674
0.660
0.656
0.656
0.649
0.644
0.639
0.642
0.652
0.661
0.668
0.666
0.666
0.660
0.649
0.640
0.637
0.640
0.640
0.638
0.640
0.636
0.649
0.655
0.656
0.661
0.666
0.663
0.657
0.648
0.646
0.654
0.653
0.644
0.637
0.638
0.638
0.644
0.648
0.644
0.649
0.656
0.657
0.646
0.639
0.632
0.629
0.646
0.663
0.661
0.647
0.635
0.629
0.625
0.628
0.634
0.637
0.640
0.638
0.634
0.642
0.638
0.630
0.636
0.647
0.645
0.644
0.636
0.619
0.627
0.658
0.660
0.648
0.646
0.645
0.645
0.650
0.659
0.664
0.667
0.654
0.631
0.615
0.628
0.659
0.689
0.679
0.651
0.623
0.612
0.613
